1 1 0.78571427
1 1 0.78571427
25 88 0.90909094
1 1 0.78571427
5 98 1.0
5 98 1.0
25 88 0.90909094
5 98 1.0
54 91 1.0
1 1 0.78571427
5 98 1.0
54 91 1.0
54 91 1.0
25 88 0.90909094
1 1 0.78571427
54 91 1.0
54 91 1.0
1 1 0.78571427
25 88 0.90909094
54 91 1.0
54 91 1.0
25 88 0.90909094
3 85 0.6
3 86 0.6
25 88 0.90909094
54 91 1.0
5 98 1.0
54 91 1.0
5 98 1.0
1 1 0.78571427
3 86 0.6
3 85 0.6
1 1 0.78571427
3 85 0.6
3 86 0.6
3 85 0.6
3 86 0.6
1 1 0.78571427
1 1 0.78571427
3 85 0.6
3 86 0.6
1 1 0.78571427
