88 87 0.8
88 87 0.8
96 95 0.71428573
96 95 0.71428573
82 81 0.8235294
94 93 0.7222222
84 83 0.8333333
96 95 0.71428573
96 95 0.71428573
90 89 0.7647059
82 81 0.8235294
98 97 0.84210527
92 91 0.78571427
90 89 0.7647059
90 89 0.7647059
96 95 0.71428573
98 97 0.84210527
90 89 0.7647059
92 91 0.78571427
96 95 0.71428573
94 93 0.7222222
92 91 0.78571427
96 95 0.71428573
75 73 0.6111111
94 93 0.7222222
96 95 0.71428573
82 81 0.8235294
94 93 0.7222222
94 93 0.7222222
75 73 0.6111111
92 91 0.78571427
90 89 0.7647059
86 85 0.8
86 85 0.8
96 95 0.71428573
96 95 0.71428573
86 85 0.8
98 97 0.84210527
88 87 0.8
86 85 0.8
96 95 0.71428573
82 81 0.8235294
82 81 0.8235294
88 87 0.8
82 81 0.8235294
92 91 0.78571427
86 85 0.8
82 81 0.8235294
94 93 0.7222222
86 85 0.8
92 91 0.78571427
94 93 0.7222222
88 87 0.8
88 87 0.8
98 97 0.84210527
98 97 0.84210527
75 73 0.6111111
75 73 0.6111111
84 83 0.8333333
75 73 0.6111111
75 73 0.6111111
98 97 0.84210527
84 83 0.8333333
98 97 0.84210527
98 97 0.84210527
84 83 0.8333333
88 87 0.8
62 61 0.5
84 83 0.8333333
88 87 0.8
84 83 0.8333333
84 83 0.8333333
67 61 0.5
67 63 0.54545456
67 61 0.5
62 61 0.5
65 63 0.53846157
67 63 0.54545456
67 61 0.5
65 63 0.53846157
67 63 0.54545456
67 61 0.5
65 63 0.53846157
